latitude=20.9303336
longitude=72.9179355