latitude=60.930208
longitude=72.918099
